946
945
946
945
945
946
947
949
949
949
950
949
951
950
949
950
951
950
949
949
950
949
951
948
949
950
950
949
948
948
948
948
947
946
942
943
940
938
938
937
938
939
937
938
934
996
1013
1021
1022
1023
1023
1023
1023
1022
1022
1023
1023
1023
1023
1023
1023
1023
1023
1023
1023
1023
1023
1023
1023
1023
1023
1023
1023
1023
1023
1023
1022
1023
1023
1023
1023
1023
1023
1022
1023
1023
1023
1023
1023
1023
1021
1023
1023
1023
1023
1022
1023
1022
1023
1023
1023
1023
1023
1023
1022
1022
1023
1023
1023
1022
1023
1023
1023
1021
1008
1002
994
979
973
970
966
965
962
961
959
953
953
950
946
938
937
932
929
930
930
930
927
926
928
924
916
904
893
889
890
888
885
886
885
886
885
886
884
885
884
884
883
884
887
886
887
1009
1019
1020
1021
1023
1023
1023
1023
1022
1023
1023
1022
1023
1023
1023
1023
1023
1022
1022
1022
1023
1023
1023
1023
1023
1023
1023
1023
1023
1023
1023
1023
1023
1022
1023
1023
1023
1023
1023
1022
1023
1023
1023
1023
1023
1022
1023
1023
1023
1022
1022
1023
1023
1023
1023
1023
1022
1023
1023
1023
1023
1023
1023
1021
1023
1023
1023
1022
1022
1020
1006
996
1019
1012
984
970
962
959
955
949
941
932
933
918
889
870
860
852
844
838
832
827
822
818
815
809
805
804
801
798
797
796
793
792
790
789
787
788
789
788
788
787
786
783
783
786
786
792
965
1023
1023
1023
1023
1023
1023
1023
1023
1023
1023
1023
1023
1023
1023
1023
1022
1023
1023
1023
1023
1022
1023
1022
1023
1023
1023
1022
1022
1023
1023
1023
1023
1023
1021
1023
1023
1023
1023
1023
1022
1023
1023
1023
1023
1023
1023
1023
1023
1023
1023
1023
1023
1023
1023
1023
1021
1023
