47
47
49
48
48
48
48
49
49
49
51
51
50
49
50
50
51
51
52
50
50
50
51
52
51
51
52
51
52
52
52
52
52
54
53
53
53
54
52
52
54
55
53
53
54
55
53
54
54
54
54
54
54
54
56
54
54
53
53
68
154
296
355
479
573
614
637
644
648
650
652
652
652
652
652
652
652
652
651
651
651
651
650
651
651
650
650
650
650
649
649
648
649
649
649
648
648
648
649
648
647
647
648
646
647
647
647
647
647
647
646
646
646
646
646
646
645
646
646
646
646
645
644
642
638
626
602
565
481
348
223
185
176
166
121
79
74
66
65
65
63
63
63
62
59
61
59
59
60
60
59
62
58
59
61
60
60
61
60
60
59
59
57
60
60
59
60
60
59
59
60
60
60
60
58
60
60
60
58
58
60
59
59
61
59
60
60
59
59
59
60
59
59
59
61
59
60
60
61
60
60
59
60
60
58
59
58
43
76
369
524
575
601
616
625
629
630
631
632
632
631
632
632
632
632
631
631
631
631
631
630
631
630
630
630
630
630
630
630
630
630
630
630
629
629
630
629
629
629
629
629
629
629
629
629
628
629
628
628
628
628
628
628
628
627
627
627
627
627
627
627
626
624
613
626
624
613
572
500
397
290
199
129
110
104
106
109
61
51
47
45
44
44
43
42
41
41
41
41
40
40
40
41
39
39
39
41
40
41
39
39
39
39
39
39
39
39
40
40
40
41
40
41
41
39
41
39
40
40
39
40
38
40
38
39
40
39
39
40
40
39
40
39
40
39
40
39
44
45
49
191
490
556
591
613
629
636
638
640
640
640
641
642
641
642
642
641
641
641
640
640
640
640
640
640
640
640
640
639
639
640
639
640
640
639
639
639
639
640
640
639
639
639
639
639
639
639
639
640
640
639
639
639
639
638
639
639
639
639
640
640
639
639
640
639
639
638
639
638
638
