9
10
9
10
10
10
7
10
11
10
10
9
12
8
8
8
9
10
9
10
9
8
9
9
10
10
7
10
9
9
9
11
10
10
10
10
10
12
9
12
10
10
9
10
10
10
10
10
10
10
10
11
13
29
87
191
282
350
388
407
416
418
422
425
427
429
429
430
430
430
431
431
431
431
431
430
430
431
430
429
428
430
434
436
436
436
436
436
436
436
436
436
436
437
435
435
434
434
434
433
428
423
420
421
422
421
422
418
403
339
229
149
93
53
33
26
23
19
15
16
13
12
11
12
11
9
10
12
12
11
9
11
10
9
9
9
9
9
9
11
11
7
7
9
9
7
9
9
7
9
9
6
9
7
9
10
8
6
9
10
9
9
9
9
10
10
9
9
9
10
9
9
10
11
10
9
9
9
9
9
9
13
40
139
260
342
385
404
412
417
420
424
424
425
426
426
427
428
428
429
429
430
430
430
430
429
429
429
428
428
429
428
428
427
428
427
426
426
426
426
424
423
420
418
417
414
410
411
418
422
422
422
423
424
423
420
397
306
207
123
65
41
30
23
18
15
15
13
13
13
11
13
10
10
10
10
10
8
10
12
10
9
10
10
10
10
10
10
9
9
10
10
11
8
8
9
11
8
7
9
11
9
9
9
8
7
8
7
9
9
8
8
7
11
9
10
18
68
151
239
315
368
394
404
408
412
414
415
417
417
418
418
418
419
419
419
419
421
420
420
420
420
420
420
420
419
419
419
419
419
419
419
419
418
417
418
418
417
417
417
417
416
416
416
417
416
